000 000 000
000 000 000
000 000 000
000 000 000
000 000 000
000 000 000
000 000 000
000 000 000
000 000 000
255 255 255
255 000 000
255 000 255
239 209 084
224 129 008
221 059 042
126 077 065
000 000 000
000 000 000
000 000 000
000 000 000
000 000 000
000 000 000
000 000 000
000 000 000
000 000 000
000 000 000
000 000 000
000 000 000
000 000 000
000 000 000
000 000 000
000 000 000
000 000 000
000 000 000
000 000 000
000 000 000
000 000 000
000 000 000
000 000 000
000 000 000
000 000 000
000 000 000
000 000 000
000 000 000
000 000 000
000 000 000
000 000 000
000 000 000
000 000 000
000 000 000
000 000 000
000 000 000
000 000 000
000 000 000
000 000 000
000 000 000
000 000 000
000 000 000
000 000 000
000 000 000
000 000 000
000 000 000
000 000 000
000 000 000
000 000 000
000 000 000
000 000 000
000 000 000
000 000 000
000 000 000
000 000 000
000 000 000
000 000 000
000 000 000
000 000 000
000 000 000
000 000 000
000 000 000
000 000 000
000 000 000
000 000 000
000 000 000
000 000 000
000 000 000
000 000 000
000 000 000
000 000 000
000 000 000
000 000 000
000 000 000
000 000 000
000 000 000
000 000 000
000 000 000
000 000 000
000 000 000
000 000 000
000 000 000
000 000 000
000 000 000
000 000 000
000 000 000
000 000 000
000 000 000
000 000 000
000 000 000
000 000 000
000 000 000
000 000 000
000 000 000
000 000 000
000 000 000
000 000 000
000 000 000
000 000 000
000 000 000
000 000 000
000 000 000
000 000 000
000 000 000
000 000 000
000 000 000
000 000 000
000 000 000
000 000 000
000 000 000
000 000 000
000 000 000
000 000 000
000 000 000
000 000 000
000 000 000
000 000 000
000 000 000
000 000 000
000 000 000
000 000 000
000 000 000
000 000 000
000 000 000
000 000 000
000 000 000
000 000 000
000 000 000
000 000 000
000 000 000
000 000 000
000 000 000
000 000 000
000 000 000
000 000 000
000 000 000
000 000 000
000 000 000
000 000 000
000 000 000
000 000 000
000 000 000
000 000 000
000 000 000
000 000 000
000 000 000
000 000 000
000 000 000
000 000 000
000 000 000
000 000 000
000 000 000
000 000 000
000 000 000
000 000 000
000 000 000
000 000 000
000 000 000
000 000 000
000 000 000
000 000 000
000 000 000
000 000 000
000 000 000
000 000 000
000 000 000
000 000 000
000 000 000
000 000 000
000 000 000
000 000 000
000 000 000
000 000 000
000 000 000
000 000 000
000 000 000
000 000 000
000 000 000
000 000 000
000 000 000
000 000 000
000 000 000
000 000 000
000 000 000
000 000 000
000 000 000
000 000 000
000 000 000
000 000 000
000 000 000
000 000 000
000 000 000
000 000 000
000 000 000
000 000 000
000 000 000
000 000 000
000 000 000
000 000 000
000 000 000
000 000 000
000 000 000
000 000 000
000 000 000
000 000 000
000 000 000
000 000 000
000 000 000
000 000 000
000 000 000
000 000 000
000 000 000
000 000 000
000 000 000
000 000 000
000 000 000
000 000 000
000 000 000
000 000 000
000 000 000
000 000 000
000 000 000
000 000 000
000 000 000
000 000 000
000 000 000
000 000 000
000 000 000
000 000 000
000 000 000
000 000 000
000 000 000
000 000 000
000 000 000
000 000 000
000 000 000
000 000 000
000 000 000
000 000 000
000 000 000